0 282
0 337
0 416
0 76
0 498
0 488
0 22
0 335
0 143
0 263
0 0
1 428
1 275
1 88
1 367
1 6
1 283
1 106
1 164
1 362
1 178
1 1
2 397
2 121
2 42
2 135
2 386
2 332
2 3
2 383
2 2
2 57
2 395
3 42
3 310
3 332
3 343
3 269
3 366
3 19
3 3
3 2
3 112
3 268
4 33
4 275
4 342
4 267
4 226
4 389
4 359
4 231
4 291
4 142
4 4
5 486
5 338
5 98
5 339
5 106
5 34
5 123
5 5
5 146
5 192
5 12
6 360
6 41
6 110
6 56
6 106
6 212
6 223
6 6
6 412
6 189
6 342
7 88
7 43
7 398
7 231
7 161
7 226
7 367
7 291
7 16
7 7
7 419
8 351
8 217
8 246
8 382
8 8
8 39
8 238
8 101
8 233
8 417
8 476
9 54
9 401
9 243
9 9
9 480
9 470
9 400
9 423
9 52
9 205
9 47
10 158
10 122
10 499
10 32
10 10
10 307
10 292
10 379
10 261
10 257
10 432
11 182
11 217
11 322
11 87
11 85
11 272
11 372
11 270
11 444
11 11
11 152
12 396
12 80
12 486
12 106
12 192
12 146
12 423
12 5
12 339
12 12
12 318
13 357
13 177
13 72
13 255
13 198
13 415
13 92
13 455
13 378
13 13
13 78
14 78
14 14
14 129
14 242
14 392
14 451
14 115
14 464
14 89
14 417
14 125
15 174
15 477
15 15
15 404
15 415
15 198
15 63
15 80
15 271
15 463
15 313
16 434
16 229
16 386
16 162
16 66
16 135
16 406
16 486
16 65
16 16
16 7
17 334
17 163
17 89
17 369
17 274
17 137
17 141
17 17
17 203
17 328
17 333
18 132
18 387
18 165
18 71
18 98
18 484
18 18
18 364
18 440
18 442
18 458
19 227
19 310
19 293
19 391
19 3
19 213
19 239
19 462
19 19
19 68
19 366
20 248
20 387
20 181
20 288
20 82
20 306
20 495
20 159
20 20
20 149
20 130
21 72
21 313
21 113
21 152
21 224
21 436
21 21
21 356
21 471
21 148
21 133
22 282
22 228
22 335
22 124
22 0
22 26
22 22
22 347
22 337
22 488
22 263
23 54
23 184
23 140
23 146
23 134
23 286
23 23
23 309
23 318
23 43
23 222
24 316
24 150
24 415
24 306
24 290
24 119
24 51
24 24
24 471
24 279
24 262
25 295
25 284
25 76
25 260
25 61
25 77
25 204
25 409
25 473
25 380
25 25
26 337
26 127
26 228
26 126
26 155
26 124
26 22
26 255
26 347
26 26
26 468
27 473
27 474
27 64
27 199
27 358
27 467
27 176
27 429
27 27
27 115
27 232
28 97
28 49
28 273
28 394
28 29
28 114
28 281
28 327
28 474
28 28
28 175
29 113
29 28
29 29
29 49
29 306
29 104
29 471
29 287
29 482
29 48
29 74
30 73
30 439
30 220
30 460
30 281
30 95
30 30
30 97
30 474
30 323
30 299
31 234
31 300
31 169
31 139
31 38
31 167
31 31
31 368
31 493
31 456
31 433
32 213
32 292
32 138
32 432
32 348
32 10
32 32
32 89
32 242
32 382
32 261
33 342
33 116
33 260
33 277
33 33
33 142
33 241
33 41
33 91
33 353
33 209
34 98
34 71
34 463
34 12
34 406
34 80
34 5
34 396
34 117
34 415
34 34
35 3
35 248
35 449
35 387
35 191
35 112
35 119
35 35
35 290
35 490
35 406
36 67
36 269
36 287
36 255
36 460
36 415
36 206
36 490
36 227
36 462
36 36
37 361
37 83
37 81
37 367
37 206
37 37
37 111
37 117
37 107
37 425
37 201
38 105
38 402
38 344
38 368
38 493
38 244
38 167
38 47
38 456
38 31
38 38
39 199
39 417
39 476
39 246
39 96
39 238
39 301
39 8
39 295
39 77
39 39
40 399
40 420
40 80
40 111
40 79
40 437
40 201
40 206
40 221
40 40
40 349
41 142
41 362
41 169
41 273
41 277
41 145
41 223
41 33
41 91
41 41
41 209
42 426
42 135
42 2
42 45
42 162
42 42
42 332
42 487
42 171
42 341
42 386
43 339
43 208
43 161
43 398
43 53
43 160
43 23
43 486
43 419
43 362
43 43
44 128
44 72
44 185
44 288
44 22
44 237
44 347
44 278
44 44
44 363
44 321
45 312
45 85
45 270
45 150
45 467
45 171
45 45
45 162
45 176
45 42
45 358
46 460
46 113
46 337
46 293
46 148
46 104
46 48
46 488
46 472
46 46
46 482
47 466
47 458
47 401
47 9
47 38
47 244
47 480
47 52
47 344
47 364
47 47
48 347
48 46
48 185
48 29
48 293
48 227
48 316
48 148
48 48
48 104
48 287
49 426
49 29
49 136
49 191
49 365
49 449
49 74
49 49
49 268
49 256
49 259
50 436
50 218
50 468
50 492
50 205
50 491
50 50
50 263
50 408
50 210
50 285
51 3
51 213
51 415
51 86
51 345
51 462
51 216
51 24
51 279
51 51
51 113
52 167
52 188
52 54
52 9
52 364
52 237
52 47
52 116
52 139
52 423
52 52
53 43
53 164
53 106
53 367
53 352
53 394
53 376
53 435
53 53
53 221
53 362
54 423
54 9
54 139
54 218
54 222
54 245
54 188
54 184
54 54
54 183
54 309
55 468
55 67
55 144
55 310
55 293
55 72
55 58
55 440
55 55
55 177
55 263
56 478
56 267
56 342
56 6
56 161
56 96
56 122
56 56
56 300
56 212
56 110
57 386
57 176
57 175
57 3
57 292
57 213
57 407
57 299
57 57
57 2
57 332
58 50
58 177
58 55
58 343
58 310
58 193
58 331
58 492
58 144
58 246
58 58
59 6
59 362
59 14
59 201
59 169
59 464
59 392
59 59
59 399
59 451
59 257
60 144
60 157
60 276
60 60
60 331
60 198
60 253
60 78
60 246
60 378
60 92
61 409
61 131
61 334
61 328
61 25
61 214
61 189
61 241
61 61
61 294
61 431
62 374
62 284
62 199
62 328
62 439
62 204
62 73
62 77
62 254
62 326
62 62
63 396
63 165
63 15
63 401
63 63
63 365
63 74
63 84
63 271
63 136
63 90
64 434
64 121
64 232
64 235
64 397
64 134
64 156
64 64
64 179
64 418
64 236
65 33
65 88
65 342
65 53
65 16
65 319
65 65
65 376
65 362
65 360
65 106
66 170
66 215
66 434
66 66
66 229
66 162
66 438
66 16
66 156
66 100
66 203
67 227
67 55
67 310
67 287
67 269
67 67
67 440
67 366
67 293
67 289
67 422
68 67
68 269
68 227
68 104
68 185
68 148
68 68
68 293
68 310
68 316
68 19
69 178
69 341
69 235
69 411
69 443
69 283
69 93
69 69
69 330
69 395
69 197
70 87
70 96
70 95
70 297
70 311
70 267
70 120
70 336
70 70
70 375
70 470
71 344
71 71
71 447
71 98
71 440
71 117
71 123
71 406
71 266
71 293
71 421
72 357
72 238
72 468
72 55
72 152
72 288
72 263
72 193
72 381
72 177
72 72
73 101
73 321
73 363
73 333
73 337
73 446
73 374
73 281
73 173
73 474
73 73
74 87
74 85
74 63
74 133
74 108
74 471
74 454
74 74
74 256
74 49
74 313
75 218
75 132
75 393
75 315
75 491
75 75
75 454
75 228
75 297
75 401
75 74
76 326
76 409
76 86
76 345
76 280
76 78
76 380
76 76
76 416
76 498
76 0
77 96
77 413
77 204
77 39
77 409
77 233
77 473
77 77
77 485
77 131
77 25
78 369
78 284
78 92
78 125
78 430
78 13
78 335
78 76
78 78
78 498
78 455
79 40
79 349
79 311
79 161
79 367
79 160
79 95
79 217
79 420
79 79
79 407
80 221
80 15
80 12
80 34
80 463
80 111
80 396
80 201
80 415
80 271
80 80
81 201
81 387
81 81
81 317
81 83
81 226
81 37
81 248
81 425
81 178
81 180
82 152
82 149
82 20
82 346
82 390
82 495
82 181
82 288
82 185
82 82
82 159
83 493
83 396
83 206
83 117
83 111
83 425
83 83
83 81
83 37
83 107
83 201
84 132
84 90
84 344
84 400
84 365
84 63
84 180
84 165
84 256
84 136
84 84
85 150
85 438
85 11
85 45
85 298
85 483
85 286
85 479
85 85
85 270
85 339
86 462
86 498
86 366
86 51
86 130
86 76
86 247
86 345
86 86
86 421
86 406
87 444
87 11
87 187
87 163
87 74
87 220
87 164
87 168
87 95
87 272
87 87
88 497
88 478
88 428
88 404
88 161
88 88
88 352
88 53
88 362
88 275
88 367
89 432
89 138
89 369
89 385
89 392
89 451
89 464
89 32
89 417
89 89
89 14
90 117
90 239
90 84
90 107
90 63
90 445
90 365
90 329
90 90
90 437
90 136
91 139
91 109
91 298
91 209
91 240
91 481
91 91
91 116
91 277
91 33
91 41
92 357
92 290
92 269
92 455
92 255
92 210
92 408
92 13
92 92
92 60
92 78
93 125
93 411
93 283
93 120
93 284
93 200
93 141
93 69
93 99
93 93
93 197
94 167
94 31
94 105
94 169
94 139
94 393
94 126
94 102
94 94
94 297
94 461
95 323
95 101
95 272
95 311
95 79
95 299
95 95
95 87
95 407
95 420
95 217
96 161
96 267
96 56
96 478
96 234
96 375
96 96
96 320
96 336
96 122
96 300
97 236
97 64
97 49
97 30
97 434
97 386
97 303
97 474
97 281
97 135
97 97
98 34
98 364
98 71
98 239
98 117
98 192
98 484
98 123
98 98
98 5
98 151
99 383
99 382
99 120
99 76
99 334
99 242
99 380
99 93
99 326
99 395
99 99
100 150
100 438
100 215
100 103
100 302
100 162
100 475
100 327
100 100
100 270
100 66
101 382
101 8
101 238
101 95
101 464
101 127
101 129
101 476
101 233
101 163
101 101
102 238
102 127
102 393
102 355
102 94
102 494
102 424
102 240
102 461
102 351
102 102
103 473
103 467
103 215
103 186
103 103
103 419
103 418
103 438
103 229
103 397
103 289
104 347
104 227
104 46
104 29
104 293
104 185
104 316
104 148
104 48
104 104
104 287
105 38
105 188
105 201
105 401
105 494
105 240
105 489
105 230
105 105
105 169
105 195
106 208
106 342
106 398
106 6
106 53
106 367
106 376
106 164
106 168
106 106
106 12
107 201
107 393
107 83
107 90
107 425
107 37
107 344
107 445
107 107
107 329
107 325
108 396
108 80
108 313
108 268
108 133
108 296
108 247
108 164
108 74
108 108
108 463
109 432
109 240
109 91
109 277
109 109
109 301
109 298
109 384
109 260
109 194
109 479
110 311
110 126
110 342
110 398
110 336
110 6
110 56
110 106
110 375
110 110
110 465
111 425
111 484
111 37
111 40
111 415
111 83
111 111
111 117
111 206
111 201
111 80
112 71
112 35
112 293
112 3
112 67
112 249
112 269
112 343
112 112
112 191
112 310
113 216
113 187
113 272
113 175
113 471
113 21
113 268
113 51
113 220
113 356
113 113
114 149
114 207
114 150
114 341
114 327
114 330
114 28
114 182
114 273
114 114
114 410
115 443
115 57
115 451
115 392
115 460
115 464
115 235
115 115
115 14
115 444
115 197
116 145
116 139
116 241
116 403
116 277
116 237
116 116
116 52
116 481
116 91
116 194
117 98
117 71
117 387
117 490
117 83
117 415
117 111
117 34
117 192
117 206
117 117
118 116
118 267
118 142
118 6
118 212
118 145
118 120
118 257
118 469
118 202
118 118
119 310
119 248
119 365
119 24
119 35
119 306
119 290
119 119
119 387
119 180
119 279
120 96
120 99
120 93
120 267
120 413
120 470
120 485
120 320
120 70
120 118
120 120
121 64
121 179
121 383
121 219
121 251
121 292
121 469
121 140
121 434
121 134
121 121
122 161
122 261
122 10
122 56
122 194
122 96
122 122
122 212
122 480
122 300
122 465
123 12
123 250
123 192
123 146
123 289
123 5
123 450
123 98
123 71
123 406
123 123
124 72
124 315
124 337
124 274
124 378
124 22
124 26
124 147
124 347
124 228
124 124
125 78
125 207
125 455
125 199
125 14
125 125
125 392
125 326
125 464
125 451
125 374
126 337
126 393
126 311
126 110
126 499
126 26
126 315
126 126
126 94
126 459
126 228
127 337
127 340
127 323
127 102
127 101
127 370
127 255
127 468
127 127
127 26
127 488
128 494
128 482
128 210
128 263
128 381
128 265
128 424
128 55
128 430
128 128
128 72
129 379
129 207
129 14
129 432
129 464
129 138
129 242
129 392
129 129
129 354
129 451
130 248
130 86
130 345
130 444
130 182
130 440
130 406
130 20
130 149
130 346
130 130
131 258
131 61
131 294
131 328
131 485
131 137
131 163
131 77
131 131
131 233
131 413
132 75
132 458
132 74
132 98
132 84
132 484
132 221
132 132
132 165
132 463
132 256
133 415
133 74
133 396
133 108
133 388
133 356
133 21
133 313
133 491
133 463
133 133
134 275
134 477
134 23
134 174
134 434
134 236
134 134
134 179
134 64
134 219
134 121
135 372
135 3
135 16
135 42
135 386
135 97
135 434
135 303
135 2
135 135
135 332
136 290
136 256
136 63
136 165
136 49
136 90
136 136
136 400
136 365
136 180
136 84
137 196
137 334
137 340
137 96
137 272
137 331
137 17
137 163
137 131
137 137
137 371
138 8
138 261
138 10
138 379
138 307
138 32
138 89
138 129
138 138
138 157
138 432
139 481
139 91
139 461
139 31
139 423
139 52
139 54
139 364
139 116
139 139
139 167
140 202
140 350
140 23
140 318
140 251
140 121
140 383
140 140
140 286
140 403
140 469
141 369
141 333
141 348
141 173
141 138
141 99
141 157
141 17
141 331
141 141
141 434
142 452
142 41
142 342
142 91
142 267
142 4
142 389
142 260
142 426
142 33
142 142
143 210
143 104
143 263
143 255
143 287
143 154
143 237
143 446
143 0
143 143
143 347
144 55
144 177
144 343
144 492
144 193
144 485
144 331
144 58
144 413
144 246
144 144
145 334
145 61
145 237
145 116
145 41
145 241
145 118
145 209
145 326
145 145
145 257
146 54
146 256
146 317
146 192
146 146
146 184
146 5
146 12
146 318
146 486
146 23
147 454
147 471
147 210
147 381
147 124
147 147
147 312
147 414
147 228
147 252
147 378
148 287
148 293
148 46
148 48
148 471
148 21
148 104
148 148
148 316
148 356
148 313
149 330
149 288
149 306
149 181
149 495
149 82
149 149
149 130
149 182
149 20
149 159
150 170
150 411
150 270
150 171
150 444
150 341
150 45
150 114
150 443
150 216
150 150
151 221
151 146
151 12
151 376
151 65
151 151
151 360
151 404
151 98
151 325
151 88
152 72
152 288
152 82
152 262
152 159
152 21
152 152
152 11
152 346
152 338
152 356
153 417
153 199
153 153
153 405
153 453
153 222
153 431
153 309
153 481
153 479
153 298
154 19
154 414
154 177
154 280
154 347
154 55
154 237
154 143
154 314
154 391
154 154
155 22
155 280
155 250
155 347
155 468
155 166
155 255
155 357
155 324
155 155
155 26
156 236
156 176
156 203
156 196
156 174
156 156
156 232
156 64
156 475
156 467
156 187
157 365
157 246
157 400
157 157
157 265
157 210
157 331
157 60
157 253
157 141
157 138
158 267
158 56
158 367
158 212
158 432
158 158
158 10
158 307
158 261
158 351
158 379
159 149
159 152
159 346
159 20
159 390
159 181
159 495
159 185
159 82
159 159
159 288
160 217
160 164
160 160
160 403
160 367
160 140
160 427
160 483
160 350
160 43
160 116
161 208
161 275
161 88
161 478
161 96
161 161
161 43
161 398
161 267
161 56
161 300
162 377
162 27
162 16
162 260
162 341
162 100
162 438
162 45
162 171
162 42
162 162
163 378
163 272
163 87
163 101
163 252
163 333
163 131
163 137
163 405
163 163
163 340
164 160
164 367
164 212
164 251
164 168
164 214
164 108
164 428
164 208
164 106
164 164
165 226
165 365
165 132
165 425
165 136
165 84
165 437
165 256
165 180
165 447
165 165
166 263
166 72
166 331
166 238
166 466
166 457
166 166
166 155
166 324
166 468
166 357
167 393
167 38
167 244
167 172
167 364
167 384
167 31
167 368
167 139
167 493
167 167
168 398
168 106
168 12
168 87
168 6
168 376
168 74
168 164
168 53
168 168
168 367
169 188
169 41
169 401
169 105
169 169
169 489
169 201
169 240
169 195
169 230
169 31
170 69
170 45
170 197
170 150
170 372
170 411
170 216
170 443
170 444
170 170
170 203
171 312
171 85
171 270
171 150
171 467
171 171
171 45
171 162
171 176
171 42
171 358
172 198
172 488
172 167
172 493
172 368
172 172
172 244
172 243
172 225
172 234
172 448
173 380
173 141
173 264
173 385
173 370
173 333
173 377
173 73
173 337
173 173
173 295
174 475
174 187
174 196
174 428
174 156
174 477
174 271
174 134
174 232
174 64
174 174
175 187
175 97
175 299
175 113
175 28
175 281
175 446
175 220
175 474
175 410
175 175
176 444
176 431
176 174
176 156
176 187
176 27
176 171
176 45
176 176
176 358
176 467
177 263
177 310
177 258
177 312
177 274
177 144
177 58
177 414
177 55
177 177
177 72
178 69
178 197
178 226
178 81
178 317
178 469
178 1
178 283
178 178
178 275
178 202
179 434
179 121
179 232
179 235
179 397
179 134
179 156
179 64
179 179
179 418
179 236
180 81
180 84
180 119
180 290
180 248
180 180
180 425
180 165
180 365
180 387
180 136
181 310
181 316
181 287
181 457
181 20
181 159
181 149
181 82
181 495
181 181
181 288
182 273
182 20
182 322
182 373
182 330
182 444
182 182
182 149
182 410
182 429
182 114
183 139
183 401
183 80
183 188
183 183
183 245
183 364
183 167
183 198
183 54
183 423
184 221
184 165
184 12
184 80
184 201
184 23
184 484
184 146
184 54
184 184
184 245
185 316
185 287
185 293
185 159
185 288
185 185
185 104
185 390
185 82
185 48
185 472
186 220
186 380
186 382
186 216
186 419
186 186
186 215
186 103
186 383
186 229
186 438
187 460
187 87
187 113
187 176
187 156
187 405
187 358
187 220
187 467
187 187
187 272
188 461
188 484
188 240
188 245
188 167
188 494
188 188
188 54
188 355
188 183
188 364
189 212
189 328
189 258
189 6
189 412
189 294
189 389
189 431
189 61
189 342
189 189
190 468
190 354
190 55
190 424
190 190
190 210
190 312
190 255
190 391
190 414
190 177
191 71
191 50
191 35
191 459
191 387
191 436
191 191
191 268
191 49
191 112
191 449
192 71
192 484
192 427
192 146
192 12
192 98
192 123
192 192
192 239
192 5
192 117
193 55
193 408
193 331
193 492
193 193
193 238
193 246
193 58
193 144
193 50
193 72
194 208
194 91
194 56
194 43
194 160
194 212
194 109
194 122
194 116
194 194
194 465
195 38
195 240
195 424
195 105
195 489
195 494
195 393
195 195
195 354
195 169
195 230
196 467
196 302
196 429
196 330
196 174
196 203
196 411
196 443
196 156
196 475
196 196
197 178
197 341
197 235
197 411
197 443
197 283
197 93
197 69
197 330
197 395
197 197
198 480
198 491
198 13
198 401
198 15
198 172
198 415
198 198
198 466
198 225
198 183
199 232
199 446
199 363
199 278
199 321
199 417
199 199
199 125
199 453
199 374
199 153
200 141
200 476
200 246
200 93
200 200
200 383
200 382
200 99
200 351
200 359
200 303
201 317
201 221
201 169
201 201
201 83
201 362
201 80
201 37
201 206
201 40
201 111
202 164
202 362
202 317
202 121
202 469
202 251
202 283
202 118
202 202
202 178
202 140
203 411
203 174
203 434
203 156
203 372
203 203
203 17
203 170
203 475
203 66
203 196
204 431
204 260
204 77
204 305
204 78
204 385
204 369
204 409
204 204
204 25
204 473
205 300
205 9
205 205
205 243
205 466
205 448
205 50
205 285
205 400
205 470
205 408
206 227
206 80
206 415
206 37
206 83
206 36
206 201
206 111
206 40
206 117
206 206
207 312
207 157
207 114
207 129
207 354
207 207
207 326
207 306
207 125
207 304
207 455
208 53
208 367
208 160
208 106
208 299
208 43
208 251
208 465
208 208
208 164
208 398
209 142
209 362
209 169
209 273
209 145
209 91
209 277
209 33
209 223
209 41
209 209
210 92
210 157
210 482
210 492
210 255
210 210
210 50
210 147
210 263
210 347
210 468
211 300
211 401
211 294
211 423
211 396
211 441
211 258
211 211
211 442
211 285
211 297
212 56
212 267
212 116
212 428
212 214
212 261
212 212
212 6
212 164
212 122
212 480
213 302
213 215
213 329
213 292
213 32
213 427
213 19
213 324
213 462
213 457
213 213
214 106
214 480
214 61
214 297
214 164
214 252
214 452
214 212
214 214
214 465
214 499
215 232
215 409
215 57
215 332
215 121
215 213
215 186
215 292
215 66
215 100
215 215
216 51
216 170
216 443
216 444
216 334
216 411
216 150
216 410
216 395
216 220
216 216
217 476
217 160
217 427
217 79
217 407
217 483
217 350
217 95
217 322
217 217
217 420
218 75
218 285
218 188
218 393
218 463
218 50
218 459
218 218
218 282
218 245
218 54
219 142
219 256
219 49
219 426
219 219
219 434
219 286
219 134
219 121
219 259
219 275
220 372
220 405
220 443
220 299
220 216
220 272
220 87
220 175
220 220
220 113
220 187
221 435
221 256
221 362
221 80
221 463
221 201
221 484
221 132
221 53
221 221
221 404
222 116
222 245
222 153
222 481
222 54
222 142
222 309
222 23
222 43
222 359
222 222
223 85
223 209
223 298
223 452
223 252
223 432
223 223
223 6
223 479
223 41
223 412
224 310
224 287
224 95
224 227
224 436
224 468
224 21
224 356
224 457
224 460
224 224
225 466
225 228
225 401
225 316
225 480
225 172
225 243
225 198
225 441
225 225
225 234
226 146
226 283
226 178
226 4
226 81
226 275
226 226
226 425
226 426
226 7
226 165
227 67
227 269
227 104
227 148
227 313
227 255
227 287
227 227
227 224
227 36
227 460
228 459
228 26
228 75
228 454
228 491
228 22
228 315
228 347
228 124
228 228
228 126
229 170
229 419
229 16
229 295
229 229
229 103
229 303
229 438
229 186
229 372
229 66
230 393
230 117
230 354
230 489
230 240
230 494
230 424
230 105
230 169
230 195
230 230
231 56
231 142
231 231
231 305
231 234
231 7
231 31
231 291
231 433
231 260
231 4
232 203
232 174
232 134
232 429
232 156
232 179
232 64
232 327
232 27
232 236
232 232
233 407
233 77
233 496
233 413
233 476
233 8
233 439
233 101
233 485
233 233
233 131
234 265
234 368
234 31
234 234
234 225
234 172
234 96
234 448
234 416
234 243
234 300
235 64
235 179
235 418
235 397
235 341
235 235
235 395
235 197
235 236
235 69
235 115
236 434
236 121
236 232
236 235
236 397
236 134
236 156
236 64
236 179
236 418
236 236
237 47
237 44
237 154
237 139
237 116
237 321
237 363
237 423
237 278
237 52
237 237
238 233
238 102
238 166
238 246
238 8
238 238
238 72
238 357
238 193
238 468
238 476
239 349
239 117
239 462
239 192
239 98
239 427
239 329
239 239
239 390
239 424
239 19
240 91
240 230
240 188
240 461
240 489
240 105
240 384
240 424
240 169
240 494
240 240
241 142
241 212
241 237
241 442
241 145
241 241
241 319
241 61
241 116
241 33
241 353
242 99
242 392
242 464
242 32
242 380
242 242
242 326
242 14
242 257
242 382
242 129
243 47
243 244
243 225
243 400
243 243
243 393
243 234
243 172
243 470
243 205
243 9
244 493
244 47
244 448
244 300
244 167
244 266
244 172
244 344
244 244
244 402
244 38
245 9
245 54
245 218
245 188
245 184
245 423
245 183
245 364
245 245
245 484
245 167
246 413
246 39
246 485
246 200
246 58
246 246
246 144
246 238
246 193
246 331
246 492
247 463
247 132
247 208
247 38
247 268
247 388
247 86
247 421
247 344
247 108
247 247
248 81
248 119
248 290
248 343
248 425
248 180
248 310
248 317
248 248
248 387
248 408
249 181
249 269
249 347
249 288
249 104
249 310
249 293
249 287
249 185
249 112
249 249
250 112
250 123
250 250
250 293
250 316
250 67
250 71
250 482
250 345
250 181
250 422
251 49
251 164
251 208
251 140
251 299
251 202
251 469
251 259
251 121
251 268
251 251
252 377
252 163
252 147
252 74
252 454
252 252
252 223
252 452
252 298
252 214
252 479
253 0
253 280
253 166
253 253
253 210
253 157
253 331
253 60
253 324
253 416
253 92
254 374
254 284
254 199
254 328
254 439
254 204
254 73
254 77
254 254
254 326
254 62
255 210
255 378
255 263
255 287
255 127
255 282
255 255
255 468
255 26
255 335
255 227
256 221
256 268
256 146
256 398
256 132
256 165
256 259
256 49
256 84
256 74
256 256
257 299
257 61
257 432
257 118
257 499
257 257
257 10
257 261
257 145
257 59
257 242
258 285
258 61
258 491
258 131
258 441
258 297
258 258
258 442
258 211
258 294
258 177
259 268
259 74
259 251
259 259
259 286
259 219
259 426
259 394
259 398
259 49
259 256
260 204
260 473
260 305
260 33
260 260
260 409
260 231
260 291
260 142
260 162
260 109
261 158
261 122
261 499
261 292
261 261
261 257
261 10
261 307
261 432
261 379
261 32
262 185
262 148
262 72
262 316
262 24
262 338
262 381
262 152
262 262
262 471
262 279
263 72
263 282
263 335
263 492
263 50
263 0
263 488
263 22
263 468
263 263
263 55
264 229
264 93
264 464
264 76
264 78
264 337
264 380
264 295
264 264
264 284
264 173
265 250
265 482
265 265
265 263
265 55
265 234
265 210
265 172
265 128
265 157
265 416
266 493
266 300
266 167
266 38
266 211
266 71
266 266
266 244
266 402
266 308
266 31
267 56
267 161
267 142
267 96
267 212
267 120
267 70
267 478
267 267
267 300
267 470
268 121
268 108
268 247
268 256
268 3
268 113
268 449
268 191
268 268
268 251
268 49
269 92
269 227
269 287
269 67
269 112
269 343
269 293
269 269
269 3
269 310
269 276
270 152
270 479
270 487
270 150
270 11
270 45
270 171
270 372
270 438
270 85
270 270
271 12
271 134
271 63
271 477
271 15
271 174
271 80
271 404
271 271
271 428
271 313
272 152
272 113
272 11
272 163
272 356
272 220
272 187
272 444
272 272
272 95
272 87
273 182
273 28
273 327
273 362
273 41
273 360
273 209
273 373
273 114
273 394
273 273
274 333
274 496
274 414
274 439
274 131
274 177
274 228
274 124
274 328
274 312
274 274
275 267
275 161
275 121
275 434
275 367
275 134
275 88
275 275
275 219
275 283
275 178
276 316
276 136
276 287
276 269
276 179
276 60
276 64
276 236
276 365
276 422
276 276
277 240
277 116
277 33
277 209
277 109
277 277
277 91
277 481
277 298
277 479
277 41
278 453
278 237
278 374
278 430
278 44
278 455
278 199
278 278
278 321
278 363
278 314
279 148
279 316
279 51
279 415
279 471
279 306
279 262
279 290
279 119
279 279
279 24
280 345
280 468
280 280
280 354
280 76
280 462
280 255
280 357
280 324
280 498
280 391
281 330
281 182
281 376
281 97
281 28
281 173
281 175
281 30
281 474
281 73
281 281
282 172
282 198
282 0
282 430
282 488
282 218
282 282
282 255
282 263
282 335
282 22
283 341
283 330
283 235
283 283
283 202
283 178
283 275
283 197
283 469
283 69
283 1
284 99
284 473
284 385
284 264
284 433
284 76
284 78
284 370
284 284
284 93
284 380
285 165
285 364
285 258
285 442
285 408
285 285
285 308
285 211
285 50
285 205
285 470
286 339
286 426
286 23
286 286
286 483
286 140
286 219
286 318
286 259
286 85
286 487
287 288
287 185
287 148
287 29
287 255
287 347
287 313
287 48
287 104
287 287
287 227
288 149
288 152
288 346
288 20
288 390
288 159
288 495
288 288
288 181
288 185
288 82
289 185
289 293
289 287
289 103
289 123
289 472
289 430
289 289
289 346
289 422
289 67
290 310
290 365
290 248
290 24
290 279
290 387
290 180
290 119
290 35
290 306
290 290
291 16
291 61
291 305
291 291
291 234
291 4
291 31
291 433
291 231
291 260
291 7
292 160
292 428
292 427
292 213
292 261
292 10
292 299
292 292
292 121
292 350
292 329
293 310
293 55
293 366
293 148
293 472
293 316
293 46
293 67
293 68
293 293
293 440
294 212
294 442
294 297
294 131
294 342
294 431
294 61
294 258
294 211
294 294
294 189
295 380
295 473
295 321
295 363
295 301
295 173
295 337
295 39
295 264
295 229
295 295
296 415
296 113
296 3
296 366
296 19
296 51
296 458
296 421
296 349
296 108
296 296
297 300
297 452
297 214
297 311
297 75
297 454
297 491
297 297
297 211
297 258
297 315
298 85
298 479
298 223
298 252
298 452
298 298
298 109
298 153
298 339
298 91
298 277
299 160
299 164
299 268
299 208
299 427
299 350
299 499
299 95
299 299
299 251
299 292
300 244
300 234
300 478
300 56
300 267
300 161
300 470
300 96
300 300
300 448
300 456
301 264
301 199
301 377
301 200
301 39
301 295
301 438
301 479
301 301
301 109
301 260
302 330
302 30
302 197
302 457
302 196
302 69
302 213
302 292
302 475
302 302
302 323
303 434
303 372
303 487
303 386
303 97
303 303
303 418
303 135
303 397
303 229
303 383
304 363
304 321
304 78
304 76
304 312
304 207
304 354
304 306
304 304
304 157
304 455
305 16
305 353
305 431
305 473
305 204
305 305
305 231
305 399
305 291
305 260
305 61
306 287
306 207
306 149
306 29
306 24
306 20
306 304
306 279
306 306
306 119
306 290
307 292
307 96
307 479
307 240
307 307
307 158
307 10
307 379
307 261
307 432
307 138
308 191
308 408
308 218
308 244
308 165
308 389
308 71
308 459
308 266
308 308
308 285
309 267
309 43
309 142
309 245
309 153
309 359
309 23
309 309
309 222
309 481
309 54
310 55
310 293
310 248
310 58
310 436
310 387
310 440
310 112
310 269
310 310
310 343
311 126
311 478
311 267
311 297
311 70
311 95
311 375
311 367
311 499
311 336
311 311
312 328
312 131
312 177
312 190
312 171
312 147
312 274
312 414
312 312
312 45
312 381
313 21
313 471
313 227
313 148
313 74
313 15
313 133
313 415
313 287
313 463
313 313
314 177
314 67
314 269
314 255
314 347
314 55
314 455
314 287
314 278
314 154
314 314
315 211
315 12
315 491
315 459
315 75
315 124
315 454
315 297
315 315
315 126
315 228
316 471
316 279
316 495
316 250
316 104
316 225
316 181
316 185
316 293
316 148
316 316
317 80
317 256
317 201
317 146
317 202
317 425
317 396
317 387
317 248
317 81
317 317
318 160
318 106
318 43
318 12
318 140
318 434
318 286
318 486
318 23
318 146
318 318
319 88
319 116
319 164
319 53
319 160
319 362
319 319
319 241
319 65
319 403
319 349
320 161
320 6
320 31
320 300
320 96
320 375
320 456
320 120
320 336
320 433
320 320
321 337
321 246
321 73
321 295
321 278
321 237
321 321
321 44
321 347
321 363
321 199
322 87
322 407
322 95
322 85
322 373
322 11
322 182
322 217
322 403
322 429
322 322
323 115
323 28
323 57
323 330
323 30
323 299
323 323
323 127
323 460
323 95
323 302
324 357
324 468
324 255
324 391
324 213
324 253
324 324
324 416
324 280
324 155
324 166
325 316
325 47
325 484
325 344
325 172
325 98
325 151
325 88
325 404
325 107
325 325
326 207
326 446
326 334
326 125
326 99
326 145
326 242
326 380
326 348
326 410
326 326
327 203
327 64
327 273
327 348
327 100
327 232
327 42
327 114
327 28
327 327
327 429
328 431
328 189
328 17
328 274
328 439
328 131
328 333
328 496
328 328
328 61
328 312
329 201
329 213
329 344
329 349
329 292
329 239
329 90
329 427
329 329
329 445
329 107
330 149
330 273
330 283
330 410
330 197
330 411
330 443
330 330
330 182
330 69
330 114
331 485
331 141
331 253
331 58
331 193
331 492
331 157
331 331
331 246
331 60
331 144
332 397
332 121
332 42
332 135
332 386
332 332
332 3
332 383
332 2
332 57
332 395
333 252
333 274
333 337
333 73
333 340
333 405
333 173
333 328
333 17
333 333
333 163
334 125
334 129
334 443
334 334
334 216
334 326
334 99
334 380
334 242
334 76
334 61
335 255
335 488
335 430
335 263
335 22
335 0
335 335
335 282
335 337
335 78
335 378
336 161
336 300
336 375
336 311
336 297
336 110
336 96
336 465
336 70
336 320
336 336
337 295
337 73
337 264
337 488
337 26
337 335
337 22
337 124
337 337
337 173
337 0
338 288
338 148
338 72
338 185
338 123
338 316
338 372
338 338
338 5
338 262
338 152
339 164
339 298
339 286
339 85
339 483
339 479
339 106
339 43
339 339
339 160
339 12
340 200
340 101
340 147
340 252
340 163
340 340
340 333
340 370
340 378
340 405
340 127
341 273
341 283
341 69
341 114
341 197
341 395
341 42
341 487
341 150
341 235
341 341
342 142
342 61
342 431
342 294
342 106
342 212
342 412
342 389
342 6
342 342
342 189
343 3
343 248
343 387
343 144
343 58
343 440
343 112
343 436
343 269
343 343
343 310
344 71
344 244
344 84
344 107
344 38
344 47
344 344
344 247
344 421
344 329
344 458
345 67
345 306
345 293
345 130
345 86
345 76
345 345
345 366
345 51
345 498
345 462
346 450
346 123
346 440
346 288
346 472
346 152
346 346
346 130
346 82
346 159
346 289
347 263
347 287
347 143
347 363
347 321
347 347
347 228
347 44
347 26
347 22
347 124
348 89
348 10
348 73
348 382
348 261
348 385
348 32
348 371
348 446
348 326
348 348
349 239
349 391
349 296
349 437
349 160
349 458
349 329
349 421
349 349
349 40
349 427
350 43
350 299
350 367
350 217
350 140
350 292
350 403
350 160
350 350
350 427
350 483
351 200
351 382
351 240
351 8
351 476
351 417
351 158
351 351
351 359
351 102
351 461
352 221
352 398
352 164
352 106
352 362
352 394
352 376
352 88
352 53
352 367
352 352
353 362
353 431
353 241
353 305
353 399
353 442
353 435
353 353
353 497
353 481
353 33
354 157
354 424
354 195
354 230
354 129
354 207
354 304
354 357
354 354
354 280
354 190
355 167
355 393
355 461
355 240
355 102
355 494
355 424
355 355
355 364
355 188
355 466
356 313
356 133
356 471
356 436
356 152
356 148
356 272
356 224
356 113
356 21
356 356
357 255
357 263
357 55
357 166
357 72
357 408
357 468
357 354
357 357
357 280
357 238
358 444
358 431
358 174
358 156
358 187
358 27
358 171
358 45
358 176
358 358
358 467
359 267
359 116
359 142
359 54
359 351
359 309
359 139
359 4
359 359
359 200
359 222
360 88
360 6
360 53
360 106
360 273
360 376
360 65
360 373
360 362
360 361
360 360
361 202
361 79
361 6
361 37
361 160
361 362
361 201
361 361
361 367
361 360
361 106
362 497
362 404
362 88
362 273
362 201
362 373
362 43
362 53
362 221
362 360
362 362
363 337
363 246
363 73
363 295
363 278
363 237
363 321
363 44
363 347
363 363
363 199
364 98
364 423
364 245
364 188
364 52
364 484
364 47
364 139
364 355
364 364
364 167
365 165
365 119
365 290
365 63
365 90
365 180
365 365
365 49
365 84
365 136
365 400
366 332
366 215
366 409
366 440
366 86
366 293
366 19
366 3
366 67
366 345
366 366
367 311
367 106
367 352
367 164
367 88
367 367
367 275
367 208
367 160
367 398
367 53
368 244
368 172
368 402
368 393
368 456
368 234
368 38
368 167
368 493
368 368
368 31
369 453
369 39
369 204
369 369
369 284
369 96
369 89
369 417
369 473
369 385
369 78
370 101
370 163
370 405
370 374
370 127
370 370
370 377
370 337
370 340
370 173
370 284
371 125
371 101
371 89
371 331
371 413
371 96
371 163
371 137
371 348
371 429
371 371
372 45
372 152
372 338
372 85
372 170
372 11
372 203
372 270
372 229
372 303
372 372
373 88
373 478
373 161
373 322
373 360
373 182
373 273
373 373
373 53
373 317
373 362
374 89
374 101
374 405
374 374
374 446
374 125
374 199
374 73
374 378
374 175
374 340
375 95
375 297
375 300
375 465
375 311
375 110
375 320
375 70
375 375
375 96
375 336
376 164
376 362
376 367
376 352
376 168
376 106
376 360
376 65
376 394
376 53
376 376
377 295
377 100
377 264
377 147
377 260
377 252
377 173
377 370
377 337
377 301
377 377
378 453
378 340
378 228
378 313
378 255
378 13
378 124
378 405
378 378
378 147
378 335
379 32
379 10
379 261
379 240
379 129
379 158
379 89
379 138
379 307
379 379
379 432
380 498
380 25
380 284
380 409
380 264
380 99
380 326
380 334
380 242
380 76
380 380
381 494
381 177
381 210
381 424
381 147
381 312
381 262
381 414
381 381
381 128
381 72
382 129
382 261
382 10
382 351
382 242
382 238
382 32
382 8
382 382
382 417
382 476
383 121
383 332
383 2
383 303
383 395
383 186
383 140
383 397
383 418
383 383
383 487
384 52
384 91
384 169
384 139
384 31
384 494
384 167
384 424
384 109
384 384
384 240
385 453
385 39
385 204
385 369
385 284
385 96
385 89
385 417
385 473
385 385
385 78
386 372
386 3
386 16
386 42
386 386
386 97
386 434
386 303
386 2
386 135
386 332
387 119
387 415
387 180
387 310
387 248
387 425
387 343
387 317
387 290
387 387
387 408
388 491
388 132
388 387
388 71
388 463
388 388
388 440
388 450
388 247
388 133
388 344
389 412
389 110
389 33
389 56
389 267
389 6
389 189
389 4
389 389
389 142
389 342
390 427
390 181
390 306
390 288
390 82
390 159
390 239
390 185
390 104
390 390
390 287
391 102
391 424
391 239
391 154
391 324
391 190
391 19
391 489
391 349
391 391
391 280
392 78
392 14
392 129
392 242
392 392
392 451
392 115
392 464
392 89
392 417
392 125
393 459
393 466
393 107
393 188
393 493
393 218
393 461
393 393
393 167
393 94
393 102
394 28
394 74
394 398
394 273
394 394
394 49
394 259
394 376
394 352
394 53
394 256
395 216
395 332
395 2
395 410
395 235
395 69
395 383
395 341
395 395
395 99
395 197
396 248
396 425
396 211
396 80
396 317
396 34
396 415
396 396
396 201
396 133
396 387
397 134
397 236
397 103
397 179
397 64
397 487
397 235
397 418
397 397
397 383
397 303
398 161
398 43
398 164
398 53
398 106
398 367
398 208
398 256
398 259
398 394
398 398
399 40
399 497
399 431
399 59
399 305
399 311
399 342
399 33
399 142
399 353
399 399
400 466
400 157
400 400
400 243
400 365
400 9
400 84
400 205
400 470
400 401
400 136
401 297
401 9
401 211
401 423
401 169
401 400
401 454
401 480
401 75
401 63
401 401
402 498
402 31
402 22
402 38
402 493
402 456
402 244
402 266
402 368
402 402
402 406
403 85
403 121
403 237
403 319
403 140
403 116
403 350
403 427
403 403
403 322
403 160
404 201
404 88
404 53
404 362
404 271
404 404
404 221
404 484
404 151
404 325
404 15
405 431
405 252
405 153
405 374
405 378
405 405
405 187
405 453
405 333
405 163
405 340
406 490
406 16
406 34
406 117
406 35
406 86
406 406
406 402
406 123
406 130
406 71
407 292
407 87
407 299
407 233
407 407
407 16
407 95
407 57
407 217
407 420
407 79
408 466
408 58
408 92
408 357
408 456
408 205
408 285
408 248
408 50
408 408
408 387
409 295
409 284
409 76
409 260
409 61
409 77
409 204
409 409
409 473
409 380
409 25
410 232
410 149
410 273
410 326
410 114
410 175
410 216
410 330
410 410
410 395
410 182
411 330
411 69
411 196
411 216
411 475
411 170
411 411
411 443
411 197
411 150
411 444
412 110
412 360
412 56
412 41
412 106
412 412
412 342
412 223
412 6
412 212
412 189
413 2
413 120
413 246
413 58
413 331
413 233
413 485
413 144
413 131
413 77
413 413
414 128
414 210
414 55
414 381
414 312
414 72
414 274
414 177
414 147
414 414
414 190
415 36
415 279
415 387
415 15
415 111
415 80
415 415
415 463
415 313
415 34
415 206
416 55
416 263
416 172
416 76
416 416
416 234
416 253
416 265
416 324
416 498
416 0
417 199
417 8
417 392
417 464
417 14
417 89
417 417
417 453
417 382
417 451
417 476
418 134
418 236
418 103
418 179
418 64
418 487
418 235
418 418
418 397
418 383
418 303
419 16
419 85
419 103
419 472
419 43
419 419
419 186
419 229
419 438
419 486
419 7
420 40
420 311
420 161
420 367
420 407
420 160
420 95
420 217
420 420
420 79
420 349
421 165
421 86
421 71
421 440
421 458
421 447
421 349
421 247
421 296
421 421
421 344
422 181
422 227
422 269
422 316
422 276
422 289
422 67
422 293
422 250
422 287
422 422
423 167
423 401
423 211
423 9
423 183
423 480
423 297
423 52
423 423
423 12
423 139
424 381
424 190
424 128
424 195
424 240
424 494
424 230
424 102
424 424
424 355
424 461
425 396
425 248
425 81
425 180
425 493
425 387
425 317
425 37
425 425
425 83
425 165
426 121
426 434
426 256
426 226
426 142
426 42
426 259
426 219
426 49
426 286
426 426
427 192
427 217
427 292
427 299
427 213
427 349
427 427
427 160
427 350
427 329
427 239
428 160
428 480
428 212
428 164
428 121
428 428
428 271
428 477
428 292
428 106
428 174
429 175
429 215
429 149
429 137
429 457
429 371
429 232
429 182
429 322
429 327
429 429
430 263
430 55
430 255
430 430
430 128
430 335
430 282
430 78
430 289
430 72
430 278
431 204
431 258
431 399
431 342
431 353
431 189
431 294
431 153
431 61
431 431
431 305
432 479
432 158
432 32
432 89
432 261
432 10
432 129
432 138
432 379
432 307
432 432
433 41
433 110
433 56
433 284
433 291
433 6
433 234
433 31
433 433
433 231
433 320
434 179
434 66
434 64
434 318
434 141
434 219
434 236
434 97
434 134
434 121
434 434
435 91
435 33
435 478
435 53
435 362
435 353
435 116
435 221
435 497
435 481
435 435
436 49
436 268
436 191
436 50
436 492
436 21
436 356
436 224
436 343
436 310
436 436
437 132
437 180
437 71
437 489
437 90
437 447
437 349
437 165
437 40
437 437
437 117
438 419
438 85
438 229
438 301
438 487
438 438
438 100
438 270
438 103
438 162
438 186
439 77
439 62
439 73
439 464
439 409
439 89
439 233
439 496
439 439
439 328
439 274
440 387
440 67
440 343
440 447
440 55
440 18
440 71
440 310
440 440
440 388
440 293
441 172
441 243
441 491
441 285
441 493
441 441
441 393
441 225
441 167
441 258
441 211
442 294
442 241
442 478
442 285
442 33
442 353
442 364
442 18
442 211
442 258
442 442
443 330
443 69
443 196
443 216
443 475
443 170
443 411
443 443
443 197
443 150
443 444
444 130
444 87
444 216
444 411
444 443
444 182
444 150
444 11
444 272
444 444
444 170
445 201
445 83
445 117
445 84
445 329
445 344
445 107
445 396
445 466
445 445
445 90
446 409
446 410
446 333
446 405
446 143
446 348
446 374
446 73
446 326
446 175
446 446
447 256
447 489
447 84
447 132
447 437
447 447
447 440
447 344
447 421
447 71
447 165
448 364
448 456
448 470
448 344
448 234
448 172
448 244
448 300
448 466
448 205
448 448
449 71
449 436
449 387
449 459
449 256
449 112
449 146
449 49
449 268
449 449
449 191
450 317
450 300
450 146
450 12
450 486
450 161
450 43
450 440
450 450
450 388
450 123
451 78
451 14
451 129
451 242
451 392
451 451
451 115
451 464
451 89
451 417
451 125
452 106
452 212
452 74
452 479
452 297
452 454
452 223
452 252
452 214
452 452
452 298
453 372
453 431
453 378
453 479
453 153
453 417
453 199
453 453
453 301
453 39
453 405
454 147
454 252
454 491
454 452
454 228
454 315
454 401
454 74
454 75
454 454
454 297
455 378
455 76
455 455
455 314
455 78
455 304
455 207
455 125
455 13
455 278
455 92
456 297
456 408
456 402
456 493
456 320
456 368
456 38
456 448
456 300
456 456
456 31
457 460
457 238
457 224
457 302
457 429
457 331
457 495
457 166
457 181
457 213
457 457
458 165
458 71
458 98
458 421
458 458
458 18
458 47
458 484
458 296
458 344
458 349
459 393
459 244
459 449
459 191
459 228
459 50
459 126
459 308
459 315
459 218
459 459
460 115
460 187
460 30
460 323
460 287
460 313
460 36
460 255
460 224
460 227
460 460
461 393
461 188
461 461
461 355
461 139
461 494
461 351
461 240
461 424
461 94
461 102
462 427
462 86
462 239
462 213
462 51
462 490
462 19
462 280
462 345
462 462
462 36
463 132
463 218
463 484
463 15
463 463
463 313
463 108
463 133
463 221
463 80
463 415
464 78
464 14
464 129
464 242
464 392
464 451
464 115
464 464
464 89
464 417
464 125
465 164
465 212
465 465
465 110
465 336
465 375
465 214
465 122
465 194
465 208
465 499
466 364
466 244
466 393
466 445
466 448
466 205
466 198
466 172
466 355
466 166
466 466
467 444
467 431
467 174
467 156
467 187
467 27
467 171
467 45
467 176
467 358
467 467
468 238
468 50
468 357
468 492
468 26
468 468
468 255
468 166
468 263
468 127
468 224
469 317
469 268
469 395
469 178
469 118
469 251
469 140
469 121
469 202
469 469
469 283
470 70
470 448
470 285
470 243
470 300
470 400
470 205
470 478
470 267
470 9
470 470
471 147
471 29
471 74
471 24
471 148
471 21
471 262
471 471
471 279
471 482
471 356
472 103
472 186
472 438
472 293
472 346
472 419
472 123
472 185
472 289
472 46
472 472
473 431
473 260
473 77
473 305
473 78
473 385
473 369
473 409
473 204
473 25
473 473
474 330
474 182
474 376
474 97
474 28
474 173
474 175
474 30
474 474
474 73
474 281
475 467
475 302
475 429
475 330
475 174
475 203
475 411
475 443
475 156
475 475
475 196
476 351
476 217
476 246
476 382
476 8
476 39
476 238
476 101
476 233
476 417
476 476
477 164
477 404
477 43
477 212
477 362
477 477
477 271
477 428
477 106
477 134
477 174
478 88
478 212
478 96
478 56
478 267
478 300
478 470
478 161
478 497
478 478
478 116
479 301
479 223
479 277
479 452
479 453
479 109
479 153
479 85
479 298
479 252
479 479
480 198
480 122
480 428
480 47
480 214
480 225
480 423
480 212
480 9
480 480
480 401
481 139
481 153
481 277
481 116
481 481
481 353
481 435
481 91
481 497
481 309
481 222
482 227
482 210
482 104
482 148
482 293
482 263
482 287
482 471
482 29
482 482
482 46
483 43
483 367
483 427
483 217
483 240
483 85
483 286
483 160
483 350
483 339
483 483
484 245
484 184
484 98
484 132
484 458
484 484
484 404
484 364
484 188
484 221
484 463
485 2
485 120
485 246
485 58
485 331
485 233
485 485
485 144
485 131
485 77
485 413
486 450
486 318
486 12
486 486
486 16
486 43
486 106
486 419
486 146
486 160
486 161
487 85
487 286
487 42
487 303
487 438
487 383
487 418
487 487
487 341
487 397
487 270
488 234
488 282
488 172
488 46
488 263
488 127
488 337
488 488
488 335
488 22
488 0
489 165
489 424
489 391
489 494
489 437
489 230
489 195
489 240
489 169
489 105
489 489
490 357
490 290
490 306
490 227
490 35
490 117
490 36
490 206
490 462
490 490
490 406
491 211
491 72
491 228
491 258
491 75
491 297
491 315
491 454
491 133
491 50
491 491
492 263
492 210
492 468
492 436
492 58
492 193
492 144
492 331
492 246
492 492
492 50
493 425
493 393
493 244
493 402
493 493
493 368
493 38
493 167
493 31
493 456
493 172
494 384
494 489
494 188
494 230
494 355
494 494
494 461
494 102
494 195
494 424
494 240
495 310
495 149
495 287
495 457
495 20
495 159
495 316
495 82
495 495
495 181
495 288
496 77
496 62
496 73
496 464
496 409
496 89
496 233
496 496
496 439
496 328
496 274
497 267
497 116
497 56
497 53
497 362
497 353
497 212
497 481
497 497
497 435
497 478
498 55
498 402
498 380
498 86
498 345
498 78
498 280
498 416
498 76
498 498
498 0
499 367
499 212
499 126
499 299
499 257
499 10
499 214
499 261
499 311
499 465
499 499
